PS_FSR: 1.1430752868142964
PS_ISR: 1.0891652451237188
Scale: 1.113980016481165
alphaS: 1.0394067350927059
