PS_FSR: 1.1029446573862889
PS_ISR: 1.008795143547079
Scale: 1.123895207156036
alphaS: 1.0293317660320704
