PS_FSR: 1.1198442658892753
PS_ISR: 1.0088503466818672
Scale: 1.1607555334601762
alphaS: 1.0335807836371953
