PS_FSR: 1.122396589480552
PS_ISR: 1.0867004871459323
Scale: 1.0994510248837606
alphaS: 1.0428524478032244
