PS_FSR: 1.1336896033129489
PS_ISR: 1.0102836428202522
Scale: 1.1439022158567351
alphaS: 1.0322889998106755
