PS_FSR: 1.1355989244649933
PS_ISR: 1.0895148405114534
Scale: 1.1073877575299047
alphaS: 1.041459757611112
