PS_FSR: 1.1080266886785424
PS_ISR: 1.0122735119444355
Scale: 1.1519887338610846
alphaS: 1.0329961260005178
