PS_FSR: 1.186396839013485
PS_ISR: 1.098370741955705
Scale: 1.1195796841010948
alphaS: 1.0398924684617796
