PS_FSR: 1.1582612239090353
PS_ISR: 1.0146666726240958
Scale: 1.1277073873508594
alphaS: 1.030140328013358
