PS_FSR: 1.1215683679948405
PS_ISR: 1.0884185823198111
Scale: 1.1054485267800345
alphaS: 1.0420640773489633
