PS_FSR: 1.1159481280067118
PS_ISR: 1.0853752138806703
Scale: 1.0955646911712786
alphaS: 1.043562768888534
