PS_FSR: 1.0670147458660906
PS_ISR: 1.0051884512777194
Scale: 1.1613811130069132
alphaS: 1.0354447106794127
