PS_FSR: 1.0926278300607826
PS_ISR: 1.0071005453801893
Scale: 1.1926772018494474
alphaS: 1.0370374749696967
