PS_FSR: 1.086521952740616
PS_ISR: 1.0864785569830897
Scale: 1.0833415590899214
alphaS: 1.0445689756376844
