PS_FSR: 1.0919503011326237
PS_ISR: 1.0039289533435385
Scale: 1.192993624387908
alphaS: 1.0368825486783135
