PS_FSR: 1.0920975702616817
PS_ISR: 1.08120155886884
Scale: 1.0753318539005825
alphaS: 1.0440013083193354
