PS_FSR: 1.119347461155315
PS_ISR: 1.0810638660671756
Scale: 1.0628491677625103
alphaS: 1.0425560964426002
