PS_FSR: 1.0664214438635766
PS_ISR: 1.002020865199878
Scale: 1.2008383382223022
alphaS: 1.0375738573887332
