PS_FSR: 1.0826360609697006
PS_ISR: 1.0798077187077597
Scale: 1.0520210653287578
alphaS: 1.0421266362340347
btag_hf_down: 0.9759280620039448
btag_hf_up: 1.0240822619725307
btag_lightf_down: 1.001717701240083
btag_lightf_up: 0.9983972545498032
puid_down: 0.9943661472915383
puid_up: 1.0056903182155124
