PS_FSR: 1.0400651736927145
PS_ISR: 1.0015687967321758
Scale: 1.2083336648328529
alphaS: 1.0379284452568072
btag_hf_down: 0.969439836423157
btag_hf_up: 1.0308343934575988
btag_lightf_down: 0.9981028961570727
btag_lightf_up: 1.0024887466807806
puid_down: 0.9989541379026322
puid_up: 1.0010469631651764
