PS_FSR: 1.0826360609697006
PS_ISR: 1.0798077187077597
Scale: 1.0520210653287578
alphaS: 1.0421266362340347
