PS_FSR: 1.0400651736927145
PS_ISR: 1.0015687967321758
Scale: 1.2083336648328529
alphaS: 1.0379284452568072
