btag_hf_down: 0.9807721232388564
btag_hf_up: 1.0191858264579856
btag_lightf_down: 1.0019279205102567
btag_lightf_up: 0.9981994342282617
puid_down: 0.9895511702818014
puid_up: 1.0105499062140337
