btag_hf_down: 0.9767840885536047
btag_hf_up: 1.023294197203066
btag_lightf_down: 0.999532216225762
btag_lightf_up: 1.001008379661471
puid_down: 0.9988163017596705
puid_up: 1.0011851024560723
