btag_hf_down: 0.972272955649972
btag_hf_up: 1.0277343704625872
btag_lightf_down: 1.0003696006820213
btag_lightf_up: 0.9997319004187237
puid_down: 0.9921523315741503
puid_up: 1.0079041137726794
