btag_hf_down: 0.9617844394364937
btag_hf_up: 1.03876413543833
btag_lightf_down: 0.9972639078983202
btag_lightf_up: 1.0029811933341732
puid_down: 0.9990418133321494
puid_up: 1.0009591990939553
